=== Evaluation Summary (mean ± std across seeds, grouped by loss_type) ===
PAIR	          PRIORS	    ARCH	   LOSS	N	     ACC	        MacroF1	          AUC	       TestLoss
cifar->cifar10c	(0.3,0.7)	cifar_resnet18	bce	5	0.6925 (0.010)	0.4422 (0.030)	0.5837 (0.023)	0.1109 (0.007)
cifar->cifar10c	(0.3,0.7)	cifar_resnet18	pu	5	0.4879 (0.038)	0.4841 (0.043)	0.7330 (0.012)	0.2973 (0.042)
cifar->cifar10c	(0.3,0.7)	cnn_cifar	    bce	5	0.6815 (0.033)	0.4918 (0.090)	0.5802 (0.097)	0.0730 (0.002)
cifar->cifar10c	(0.3,0.7)	cnn_cifar	    pu	5	0.6129 (0.020)	0.6110 (0.019)	0.8214 (0.012)	0.3940 (0.025)

cifar->cifar10c	(0.5,0.5)	cifar_resnet18	bce	5	0.5059 (0.004)	0.3690 (0.027)	0.5726 (0.037)	0.1030 (0.005)
cifar->cifar10c	(0.5,0.5)	cifar_resnet18	pu	5	0.6474 (0.019)	0.6441 (0.022)	0.7019 (0.021)	0.4385 (0.032)
cifar->cifar10c	(0.5,0.5)	cnn_cifar	    bce	5	0.5158 (0.030)	0.3863 (0.094)	0.5712 (0.095)	0.0739 (0.002)
cifar->cifar10c	(0.5,0.5)	cnn_cifar	    pu	5	0.7292 (0.009)	0.7271 (0.010)	0.8091 (0.009)	0.4282 (0.015)

cifar->cifar10c	(0.7,0.3)	cifar_resnet18	bce	5	0.3154 (0.014)	0.2623 (0.030)	0.5791 (0.050)	0.1043 (0.006)
cifar->cifar10c	(0.7,0.3)	cifar_resnet18	pu	5	0.5584 (0.030)	0.5525 (0.025)	0.6882 (0.026)	0.5777 (0.055)
cifar->cifar10c	(0.7,0.3)	cnn_cifar	    bce	5	0.3524 (0.098)	0.2966 (0.119)	0.5643 (0.101)	0.0742 (0.003)
cifar->cifar10c	(0.7,0.3)	cnn_cifar	    pu	5	0.6600 (0.038)	0.6477 (0.032)	0.7790 (0.016)	0.5270 (0.039)

cifar->cifarv2	(0.3,0.7)	cifar_resnet18	bce	5	0.6917 (0.012)	0.4367 (0.025)	0.5678 (0.017)	0.1154 (0.006)
cifar->cifarv2	(0.3,0.7)	cifar_resnet18	pu	5	0.5041 (0.022)	0.5029 (0.024)	0.7072 (0.026)	0.3359 (0.038)
cifar->cifarv2	(0.3,0.7)	cnn_cifar	    bce	5	0.6917 (0.027)	0.4841 (0.082)	0.5801 (0.066)	0.0736 (0.003)
cifar->cifarv2	(0.3,0.7)	cnn_cifar	    pu	5	0.6400 (0.023)	0.6348 (0.022)	0.8059 (0.015)	0.4355 (0.022)

cifar->cifarv2	(0.5,0.5)	cifar_resnet18	bce	5	0.5032 (0.002)	0.3623 (0.022)	0.5559 (0.016)	0.1073 (0.005)
cifar->cifarv2	(0.5,0.5)	cifar_resnet18	pu	5	0.6241 (0.018)	0.6235 (0.018)	0.6689 (0.022)	0.5092 (0.030)
cifar->cifarv2	(0.5,0.5)	cnn_cifar	    bce	5	0.5134 (0.024)	0.3781 (0.083)	0.5660 (0.043)	0.0745 (0.003)
cifar->cifarv2	(0.5,0.5)	cnn_cifar	    pu	5	0.7234 (0.019)	0.7232 (0.019)	0.7966 (0.013)	0.4756 (0.009)

cifar->cifarv2	(0.7,0.3)	cifar_resnet18	bce	5	0.3133 (0.010)	0.2582 (0.023)	0.5506 (0.022)	0.1093 (0.007)
cifar->cifarv2	(0.7,0.3)	cifar_resnet18	pu	5	0.4889 (0.038)	0.4863 (0.043)	0.6624 (0.014)	0.6496 (0.054)
cifar->cifarv2	(0.7,0.3)	cnn_cifar	    bce	5	0.3378 (0.071)	0.2833 (0.098)	0.5517 (0.038)	0.0748 (0.003)
cifar->cifarv2	(0.7,0.3)	cnn_cifar	    pu	5	0.6044 (0.038)	0.5999 (0.035)	0.7621 (0.027)	0.5773 (0.034)

cifar->cinic	(0.3,0.7)	cifar_resnet18	bce	5	0.6947 (0.008)	0.4425 (0.029)	0.5956 (0.027)	0.1124 (0.006)
cifar->cinic	(0.3,0.7)	cifar_resnet18	pu	5	0.5139 (0.040)	0.5121 (0.043)	0.7419 (0.018)	0.3327 (0.041)
cifar->cinic	(0.3,0.7)	cnn_cifar	    bce	5	0.6931 (0.021)	0.4960 (0.100)	0.5926 (0.093)	0.0734 (0.003)
cifar->cinic	(0.3,0.7)	cnn_cifar	    pu	5	0.6724 (0.008)	0.6645 (0.007)	0.8250 (0.013)	0.4635 (0.019)

cifar->cinic	(0.5,0.5)	cifar_resnet18	bce	5	0.5054 (0.003)	0.3660 (0.026)	0.5794 (0.038)	0.1043 (0.004)
cifar->cinic	(0.5,0.5)	cifar_resnet18	pu	5	0.6644 (0.013)	0.6638 (0.013)	0.7235 (0.017)	0.4894 (0.033)
cifar->cinic	(0.5,0.5)	cnn_cifar	    bce	5	0.5196 (0.037)	0.3872 (0.100)	0.5834 (0.094)	0.0742 (0.003)
cifar->cinic	(0.5,0.5)	cnn_cifar	    pu	5	0.7444 (0.009)	0.7443 (0.009)	0.8181 (0.010)	0.4937 (0.007)

cifar->cinic	(0.7,0.3)	cifar_resnet18	bce	5	0.3167 (0.014)	0.2629 (0.027)	0.5835 (0.048)	0.1053 (0.006)
cifar->cinic	(0.7,0.3)	cifar_resnet18	pu	5	0.5314 (0.043)	0.5289 (0.045)	0.7118 (0.019)	0.6245 (0.055)
cifar->cinic	(0.7,0.3)	cnn_cifar	    bce	5	0.3491 (0.095)	0.2936 (0.120)	0.5720 (0.104)	0.0744 (0.003)
cifar->cinic	(0.7,0.3)	cnn_cifar	    pu	5	0.6346 (0.047)	0.6287 (0.042)	0.7892 (0.021)	0.5703 (0.042)

mnist->svhn	(0.3,0.7)	lenet	bce	5	0.6224 (0.108)	0.4418 (0.034)	0.5359 (0.030)	0.0733 (0.003)
mnist->svhn	(0.3,0.7)	lenet	pu	5	0.3148 (0.017)	0.2596 (0.031)	0.5449 (0.043)	0.1057 (0.091)

mnist->svhn	(0.5,0.5)	lenet	bce	5	0.4983 (0.003)	0.3618 (0.057)	0.5326 (0.032)	0.0749 (0.004)
mnist->svhn	(0.5,0.5)	lenet	pu	5	0.5174 (0.041)	0.3992 (0.099)	0.5485 (0.049)	0.1750 (0.184)

mnist->svhn	(0.7,0.3)	lenet	bce	5	0.3574 (0.115)	0.2832 (0.105)	0.5209 (0.019)	0.0758 (0.004)
mnist->svhn	(0.7,0.3)	lenet	pu	5	0.5966 (0.137)	0.4138 (0.072)	0.5431 (0.046)	0.2961 (0.226)

mnist->usps	(0.3,0.7)	lenet	bce	5	0.6845 (0.109)	0.5291 (0.123)	0.7754 (0.054)	0.0732 (0.004)
mnist->usps	(0.3,0.7)	lenet	pu	5	0.4205 (0.117)	0.3878 (0.141)	0.8645 (0.024)	0.1783 (0.124)

mnist->usps	(0.5,0.5)	lenet	bce	5	0.5224 (0.043)	0.3794 (0.088)	0.7416 (0.072)	0.0746 (0.004)
mnist->usps	(0.5,0.5)	lenet	pu	5	0.6022 (0.102)	0.5119 (0.164)	0.8587 (0.027)	0.1866 (0.156)

mnist->usps	(0.7,0.3)	lenet	bce	5	0.3860 (0.172)	0.2986 (0.136)	0.6861 (0.090)	0.0753 (0.005)
mnist->usps	(0.7,0.3)	lenet	pu	5	0.7494 (0.029)	0.6172 (0.100)	0.8607 (0.022)	0.2359 (0.149)
